cassan_0_100_1920.det.lc.gz 22.8669 24.136 22.2396 22.6396 22.4879 -6.00718 -0.306894 5.24111 15.49 -421.21 -21.62 5.88 5 6.2 4783 4.57 3 0.86 5.19 1.125 0.17 1.44482 -0.999789 268.115 -28.2723 14.8 6.794 0.347 -0.229 6.72 0.062 
cassan_0_102_1720.det.lc.gz 23.3752 25.409 22.3344 22.8965 22.7029 -9.33194 1.83648 88.2283 97.06 -357.64 69.92 6.22 5 6.2 4921 4.58 10 0.8 6.029 0.746 0.01 1.29942 -0.567167 267.63 -28.0198 8.132 0.129 0.19 -0.049 11.759 0.197  
cassan_0_10_3312.det.lc.gz 24.1868 26.5538 22.9277 23.5492 23.2957 2.26312 -2.70536 92.2232 91.52 83.29 -101.65 6.91 5 6.3 4544 4.62 10 0.745 6.453 0.688 0.08 -0.448591 -0.770135 266.862 -29.663 7.83 -0.17 -0.057 -0.083 13.441 0.035 
cassan_0_10_650.det.lc.gz 23.3482 25.7933 21.8913 22.5449 22.1339 -10.5515 1.38868 126.906 125.26 -492.42 63.2 4.01 4 5.1 5841 4.05 10 1.067 3.754 1.576 -0.26 -0.280863 -0.686699 266.819 -29.6437 9.832 1.831 -0.072 -0.101 16.329 0.259 
cassan_0_110_1693.det.lc.gz 21.2552 21.7488 21.0427 21.2052 21.1403 -6.42826 0.0609411 20.5509 33.63 -434.72 3.52 4.85 5 5.5 5678 4.47 4 0.99 4.315 1.287 0.17 1.70721 -1.69282 269.011 -28.4221 14.292 6.28 0.402 -0.409 3.318 0.028 
cassan_0_110_2001.det.lc.gz 22.3446 23.1963 21.9953 22.2666 22.2205 -12.7558 2.24035 -57.3454 -39.15 -567.49 101.13 7.77 5 6.5 4334 4.68 10 0.678 6.953 0.614 -0.12 1.53415 -1.723 268.975 -28.4427 9.364 1.356 0.258 -0.26 3.318 0.1 
cassan_0_112_1906.det.lc.gz 24.9816 26.2858 24.4664 24.8304 24.7476 -7.11727 -0.234281 21.947 34.11 -425.76 -14.46 10.56 5 7.2 3548 4.88 2 0.44 9.039 0.366 0.22 1.67187 -1.09894 268.521 -28.1645 12.643 4.635 0.357 -0.249 4.785 -0.011 
cassan_0_115_641.det.lc.gz 23.7146 25.8961 22.5105 23.1124 22.8187 -2.94376 0.694121 24.8773 27.69 -96.49 22.68 6.98 5 6.3 4981 4.62 10 0.745 6.453 0.688 -0.13 1.53521 -0.546974 267.759 -27.793 6.965 -1.038 0.194 -0.037 12.304 0.205 
cassan_0_123_591.det.lc.gz 24.4428 25.7566 24.1231 24.4179 24.4258 -8.80901 0.602529 -78.4216 -63.24 -426.1 31.33 11.52 5 7.29 3406 4.91 5 0.32 9.975 0.26 0.33 1.92451 -1.72444 269.163 -28.2394 10.147 2.137 0.325 -0.291 3.364 0.018 
cassan_0_137_1145.det.lc.gz 19.5385 20.1887 19.3373 19.5154 19.5146 -8.34741 -3.32227 5.7961 13.89 -317.27 -126.49 4 4 5.1 5553 4.16 10 1.046 3.973 1.393 0.05 1.99266 -1.33511 269.053 -27.8518 8.025 0.017 0.297 -0.188 4.329 0.08 
cassan_0_150_495.det.lc.gz 21.0412 21.8784 20.6882 20.9541 20.9133 -4.98738 -0.100856 42.1341 49.17 -175.69 -4.73 5.84 5 6 5124 4.53 10 0.858 5.569 0.822 -0.49 2.3188 -1.55198 269.172 -27.6702 7.509 -0.5 0.306 -0.174 4.714 0.363 
cassan_0_150_742.det.lc.gz 20.0728 20.9831 19.6749 19.959 19.8904 -11.7324 -3.19983 -130.883 -113.41 -547.6 -144.65 3.83 4 5.1 5568 3.95 10 1.081 3.622 1.787 -0.13 2.22816 -1.46064 269.214 -27.6618 9.759 1.747 0.402 -0.236 5.728 0.074 
cassan_0_151_2739.det.lc.gz 21.6913 22.8842 21.0508 21.4405 21.2316 -8.56071 0.137144 -29.9202 -12.88 -431.58 7.51 4.59 5 5.3 5823 4.43 5 1.03 4.047 1.39 0.39 2.24458 -1.1698 268.902 -27.5379 10.614 2.603 0.431 -0.202 7.816 -0.011 
cassan_0_19_2049.det.lc.gz 22.5241 23.5671 22.1895 22.4831 22.5262 -9.31082 2.37621 -40.5689 -38.07 -360.02 93.02 8.6 5 6.9 3173 4.79 10 0.55 7.85 0.484 -0.21 -0.0279195 -1.65723 267.972 -29.9477 8.157 0.153 -0.023 -0.226 3.748 0.177 
cassan_0_31_2839.det.lc.gz 18.7592 19.3298 18.5742 18.7443 18.7347 -10.2149 2.54734 31.7211 37.2 -521.8 128.96 3.7 3 5.8 4881 3.57 10 1.101 3.261 2.781 0.04 0.106913 -1.99226 268.373 -29.8372 10.777 2.77 0.02 -0.349 2.383 0.072 
cassan_0_32_1164.det.lc.gz 19.9078 20.3628 19.7885 19.9087 19.9177 -4.39401 0.147112 -217.702 -217.44 -171.27 12.64 4.69 5 5.3 5824 4.36 10 0.969 4.661 1.053 0.09 -0.00973513 -1.81825 268.111 -29.74 8.224 0.221 0.011 -0.227 3.152 0.059 
cassan_0_32_1213.det.lc.gz 15.9611 16.746 15.7191 15.9384 15.9508 -5.83177 3.77066 37.9417 41.91 -198.6 127.31 1.82 3 6.1 4586 2.8 10 1.11 1.568 6.774 0.1 0.087267 -1.6423 268.128 -29.7395 7.186 -0.818 0.011 -0.198 3.112 0.184 
cassan_0_32_462.det.lc.gz 22.3467 23.1471 21.9157 22.2078 22.0636 -7.52817 -0.487206 -35.2062 -35.34 -393.3 -24.38 7.53 5 6.5 4214 4.64 5 0.73 6.065 0.951 0.34 0.0896552 -1.72267 268.161 -29.736 11.019 3.014 0.02 -0.316 3.159 0.004 
cassan_0_33_1599.det.lc.gz 20.4293 21.0836 20.2051 20.393 20.3755 -7.60009 -3.87962 -14.9828 -18.68 -357.75 -182.14 4.43 5 5.2 5955 4.3 10 0.999 4.425 1.147 -0.03 0.168514 -1.49205 267.887 -29.601 9.928 1.925 0.017 -0.236 4.346 0.109 
cassan_0_33_2252.det.lc.gz 24.7818 26.0544 24.3789 24.6975 24.6378 -7.95274 -0.228736 140.149 140.68 -317.73 -12.51 11.43 5 7.2 3354 5.01 10 0.25 9.821 0.254 -0.26 0.142586 -1.37544 267.877 -29.5708 8.437 0.434 0.017 -0.195 4.276 0.183 
cassan_0_34_162.det.lc.gz 24.8357 26.3712 24.1834 24.6069 24.4439 -12.7678 2.49272 111.364 113.88 -568.2 108.49 10.48 5 7.1 4109 4.93 10 0.35 9.085 0.328 0.01 0.0131962 -1.24562 267.641 -29.4492 9.388 1.386 0.019 -0.18 6.121 0.092 
cassan_0_34_3231.det.lc.gz 21.383 22.3333 20.8734 21.1981 21.0223 -8.29386 0.133425 -69.8528 -69.14 -432.54 8.57 4.75 5 5.3 5763 4.38 7 0.97 4.115 1.411 0.26 0.070654 -1.32468 267.654 -29.4843 10.999 2.996 0.018 -0.219 6.121 -0.157 
cassan_0_35_3024.det.lc.gz 22.5675 24.1053 21.8486 22.2985 22.191 -12.4169 -3.59889 -107.536 -108.06 -517.36 -147.98 6.01 5 6.1 4811 4.55 10 0.831 5.783 0.783 0.08 0.22211 -0.973124 267.425 -29.3502 8.782 0.781 0.016 -0.135 8.724 0.136  
cassan_0_36_1396.det.lc.gz 24.3168 26.4324 22.9915 23.608 23.1312 -6.60258 0.0309886 -28.4611 -28.61 -425.23 2.29 5.04 5 5.5 5697 4.47 5 0.98 4.315 1.287 0.22 -0.0230483 -0.592425 267.132 -29.2147 13.586 5.585 0.022 -0.148 13.897 0.032 